
#This summary file was generated by SubDyn  on 22-Mar-2024 at 16:16:52.

#Unless specified, units are consistent with Input units, [SI] system is advised.
#____________________________________________________________________________________________________
# RIGID BODY EQUIVALENT DATA
#____________________________________________________________________________________________________
Mass:    1.074466E+06 # Total Mass
CM_point: [   1.094203E+00,  -1.065086E-10,   7.684462E+01] # Center of mass coordinates (Xcm,Ycm,Zcm)
TP_point: [   0.000000E+00,   0.000000E+00,   1.183600E+02] # Transition piece reference point
MRB: # 6 x 6 Rigid Body Equivalent Mass Matrix w.r.t. (0,0,0).
  - [   1.074466E+06,   0.000000E+00,   0.000000E+00,   0.000000E+00,   8.256696E+07,   1.144399E-04]
  - [   0.000000E+00,   1.074466E+06,   0.000000E+00,  -8.256696E+07,   0.000000E+00,   1.175684E+06]
  - [   0.000000E+00,   0.000000E+00,   1.074466E+06,  -1.144398E-04,  -1.175684E+06,   0.000000E+00]
  - [   0.000000E+00,  -8.256696E+07,  -1.144398E-04,   8.292792E+09,   1.232760E+04,  -1.390320E+08]
  - [   8.256696E+07,   0.000000E+00,  -1.175684E+06,   1.232760E+04,   8.300622E+09,   1.600890E+04]
  - [   1.144399E-04,   1.175684E+06,   0.000000E+00,  -1.390320E+08,   1.600890E+04,   1.603112E+07]
M_P: # 6 x 6 Rigid Body Equivalent Mass Matrix w.r.t. TP Ref point
  - [   1.074466E+06,   0.000000E+00,   0.000000E+00,   0.000000E+00,  -4.460688E+07,   1.144399E-04]
  - [   0.000000E+00,   1.074466E+06,   0.000000E+00,   4.460688E+07,   0.000000E+00,   1.175684E+06]
  - [   0.000000E+00,   0.000000E+00,   1.074466E+06,  -1.144399E-04,  -1.175684E+06,   0.000000E+00]
  - [   0.000000E+00,   4.460688E+07,  -1.144399E-04,   3.799836E+09,   1.232760E+04,   1.220161E+05]
  - [  -4.460688E+07,   0.000000E+00,  -1.175684E+06,   1.232760E+04,   3.807666E+09,   1.600888E+04]
  - [   1.144399E-04,   1.175684E+06,   0.000000E+00,   1.220161E+05,   1.600888E+04,   1.603112E+07]
M_G: # 6 x 6 Rigid Body Equivalent Mass Matrix w.r.t. CM (Xcm,Ycm,Zcm).
  - [   1.074466E+06,   0.000000E+00,   0.000000E+00,   0.000000E+00,   0.000000E+00,   0.000000E+00]
  - [   0.000000E+00,   1.074466E+06,   0.000000E+00,   0.000000E+00,   0.000000E+00,   0.000000E+00]
  - [   0.000000E+00,   0.000000E+00,   1.074466E+06,   0.000000E+00,   0.000000E+00,   0.000000E+00]
  - [   0.000000E+00,   0.000000E+00,   0.000000E+00,   1.947965E+09,   1.232760E+04,  -4.868696E+07]
  - [   0.000000E+00,   0.000000E+00,   0.000000E+00,   1.232760E+04,   1.954509E+09,   1.600889E+04]
  - [   0.000000E+00,   0.000000E+00,   0.000000E+00,  -4.868696E+07,   1.600889E+04,   1.474469E+07]
#____________________________________________________________________________________________________
# GUYAN MATRICES at the TP reference point
#____________________________________________________________________________________________________
KBBt: # 6 x 6
  - [   4.193288E+06,   6.700519E-11,  -2.505693E+07,   4.347649E-09,  -1.440010E+08,   1.275681E-10]
  - [  -1.502783E-11,   4.805739E+06,  -2.287433E-10,   1.854027E+08,  -1.377159E-09,  -1.496731E+07]
  - [  -2.505693E+07,   1.166646E-09,   5.686755E+08,   7.570951E-08,   1.625574E+09,   2.078873E-09]
  - [  -9.637207E-10,   1.854027E+08,  -1.466167E-08,   1.215739E+10,  -8.834903E-08,  -7.520760E+08]
  - [  -1.440010E+08,   5.809760E-09,   1.625574E+09,   3.769181E-07,   9.387795E+09,   1.167997E-08]
  - [  -1.704265E-10,  -1.496731E+07,  -2.686845E-09,  -7.520760E+08,  -1.520524E-08,   2.426337E+09]
MBBt: # 6 x 6
  - [   5.501391E+05,  -1.566641E+00,  -2.260546E+05,  -6.675655E+00,  -1.080823E+06,  -8.839906E+01]
  - [  -1.566641E+00,   5.390511E+05,  -9.228161E+00,   1.003369E+06,  -5.672444E+01,  -3.347249E+05]
  - [  -2.260546E+05,  -9.228161E+00,   5.548720E+05,   7.347125E+02,   2.854563E+06,   9.172594E+02]
  - [  -6.675655E+00,   1.003369E+06,   7.347125E+02,   2.294410E+07,   4.089545E+03,  -3.938677E+06]
  - [  -1.080823E+06,  -5.672444E+01,   2.854563E+06,   4.089545E+03,   1.594096E+07,   5.268236E+03]
  - [  -8.839906E+01,  -3.347249E+05,   9.172594E+02,  -3.938677E+06,   5.268236E+03,   2.414221E+06]
CBBt: # 6 x 6 (user Guyan Damping + potential joint damping from CB-reduction)
  - [   8.774110E+03,  -2.020966E-02,  -1.293888E+04,  -8.611594E-02,  -7.154300E+04,  -1.140348E+00]
  - [  -2.020966E-02,   8.876055E+03,  -1.190433E-01,   8.710455E+04,  -7.317453E-01,  -1.030487E+04]
  - [  -1.293888E+04,  -1.190433E-01,   2.346281E+05,   9.477792E+00,   6.870533E+05,   1.183265E+01]
  - [  -8.611594E-02,   8.710455E+04,   9.477792E+00,   5.158937E+06,   5.275512E+01,  -3.516393E+05]
  - [  -7.154300E+04,  -7.317453E-01,   6.870533E+05,   5.275512E+01,   3.960757E+06,   6.796024E+01]
  - [  -1.140348E+00,  -1.030487E+04,   1.183265E+01,  -3.516393E+05,   6.796024E+01,   1.001678E+06]
#____________________________________________________________________________________________________
# SYSTEM FREQUENCIES
#____________________________________________________________________________________________________
#Eigenfrequencies [Hz] for full system, with reaction constraints (+ Soil K/M + SoilDyn K0) 
Full_frequencies: # 1 x 84
  - [   3.103728E-01,   3.105223E-01,   2.328516E+00,   2.384074E+00,   4.294820E+00,   5.780888E+00,   7.106239E+00,   7.535679E+00,   1.236360E+01,   1.400535E+01,   1.439021E+01,   1.917155E+01,   2.052697E+01,   2.378158E+01,   2.388081E+01,   2.761080E+01,   2.954948E+01,   3.518412E+01,   4.163573E+01,   4.179120E+01,   4.496974E+01,   4.794664E+01,   4.862444E+01,   5.676656E+01,   5.706214E+01,   6.384941E+01,   6.755254E+01,   7.352589E+01,   7.363041E+01,   8.062937E+01,   8.943210E+01,   9.010583E+01,   9.157188E+01,   9.167070E+01,   9.197648E+01,   9.810531E+01,   9.909484E+01,   1.103495E+02,   1.118988E+02,   1.147850E+02,   1.188541E+02,   1.283450E+02,   1.415717E+02,   1.428069E+02,   1.432530E+02,   1.475664E+02,   1.530217E+02,   1.689436E+02,   1.722054E+02,   1.775175E+02,   1.963286E+02,   1.980132E+02,   2.005209E+02,   2.043406E+02,   2.112237E+02,   2.169908E+02,   2.256506E+02,   2.262564E+02,   2.299209E+02,   2.333365E+02,   2.511996E+02,   2.695554E+02,   2.800239E+02,   3.095504E+02,   3.155390E+02,   3.509617E+02,   3.541152E+02,   3.897419E+02,   3.908241E+02,   4.227017E+02,   4.227968E+02,   4.736491E+02,   5.402445E+02,   5.416515E+02,   5.784906E+02,   9.668521E+02,   9.690545E+02,   1.401058E+03,   1.669842E+03,   1.674920E+03,   1.943859E+03,   4.088730E+03,   4.093732E+03,   5.411986E+03,]
#Frequencies of Guyan modes [Hz]
GY_frequencies: # 1 x 6
  - [   3.106075E-01,   3.120381E-01,   3.589444E+00,   4.036767E+00,   6.216059E+00,   1.324321E+01,]
#Frequencies of Craig-Bampton modes [Hz]
CB_frequencies: # 1 x 12
  - [   2.597422E+00,   2.628392E+00,   3.451562E+00,   6.025304E+00,   8.064127E+00,   9.806699E+00,   1.373581E+01,   1.547900E+01,   1.596839E+01,   1.859974E+01,   1.991286E+01,   2.190150E+01,]
#____________________________________________________________________________________________________
# Internal FEM representation
#____________________________________________________________________________________________________
nNodes_I:       1 # Number of Nodes: "interface" (I)
nNodes_C:       1 # Number of Nodes: "reactions" (C)
nNodes_L:      28 # Number of Nodes: "internal"  (L)
nNodes  :      30 # Number of Nodes: total   (I+C+L)
nDOFI__ :       6 # Number of DOFs: "interface"          (I__)
nDOFI_B :       6 # Number of DOFs: "interface" retained (I_B)
nDOFI_F :       0 # Number of DOFs: "interface" fixed    (I_F)
nDOFC__ :       6 # Number of DOFs: "reactions"          (C__)
nDOFC_B :       0 # Number of DOFs: "reactions" retained (C_B)
nDOFC_L :       0 # Number of DOFs: "reactions" internal (C_L)
nDOFC_F :       6 # Number of DOFs: "reactions" fixed    (C_F)
nDOFR__ :      12 # Number of DOFs: "intf+react"         (__R)
nDOFL_L :      78 # Number of DOFs: "internal"  internal (L_L)
nDOF__B :       6 # Number of DOFs:             retained (__B)
nDOF__L :      78 # Number of DOFs:             internal (__L)
nDOF__F :       6 # Number of DOFs:             fixed    (__F)
nDOF_red:      90 # Number of DOFs: total
Nodes_I: # 1 x 1 "interface" nodes"
  - [     18,]
Nodes_C: # 1 x 1 "reaction" nodes"
  - [      1,]
Nodes_L: # 1 x 28 "internal" nodes"
  - [      2,      3,      4,      5,      6,      7,      8,      9,     10,     11,     12,     13,     14,     15,     16,     17,     19,     20,     21,     22,     23,     24,     25,     26,     27,     28,     29,     30,]
DOF_I__: # 1 x 6 "interface"           DOFs"
  - [     67,     68,     69,     70,     71,     72,]
DOF_I_B: # 1 x 6 "interface" retained  DOFs
  - [     67,     68,     69,     70,     71,     72,]
DOF_I_F: # 1 x 0 "interface" fixed     DOFs
  - [ ]
DOF_C__: # 1 x 6 "reaction"            DOFs"
  - [      1,      2,      3,      4,      5,      6,]
DOF_C_B: # 1 x 0 "reaction"  retained  DOFs
  - [ ]
DOF_C_L: # 1 x 0 "reaction"  internal  DOFs
  - [ ]
DOF_C_F: # 1 x 6 "reaction"  fixed     DOFs
  - [      1,      2,      3,      4,      5,      6,]
DOF_L_L: # 1 x 78 "internal"  internal  DOFs
  - [      7,      8,      9,     10,     11,     12,     13,     14,     15,     16,     17,     18,     19,     20,     21,     22,     23,     24,     25,     26,     27,     28,     29,     30,     31,     32,     33,     34,     35,     36,     37,     38,     39,     40,     41,     42,     43,     44,     45,     46,     47,     48,     49,     50,     51,     52,     53,     54,     55,     56,     57,     58,     59,     60,     61,     62,     63,     64,     65,     66,     73,     74,     75,     76,     77,     78,     79,     80,     81,     82,     83,     84,     85,     86,     87,     88,     89,     90,]
DOF_R_: # 1 x 12 "interface&reaction"  DOFs
  - [      1,      2,      3,      4,      5,      6,     67,     68,     69,     70,     71,     72,]
DOF___B: # 1 x 6 all         retained  DOFs
  - [     67,     68,     69,     70,     71,     72,]
DOF___F: # 1 x 6 all         fixed     DOFs
  - [      1,      2,      3,      4,      5,      6,]
DOF___L: # 1 x 78 all         internal  DOFs
  - [      7,      8,      9,     10,     11,     12,     13,     14,     15,     16,     17,     18,     19,     20,     21,     22,     23,     24,     25,     26,     27,     28,     29,     30,     31,     32,     33,     34,     35,     36,     37,     38,     39,     40,     41,     42,     43,     44,     45,     46,     47,     48,     49,     50,     51,     52,     53,     54,     55,     56,     57,     58,     59,     60,     61,     62,     63,     64,     65,     66,     73,     74,     75,     76,     77,     78,     79,     80,     81,     82,     83,     84,     85,     86,     87,     88,     89,     90,]

#Index map from DOF to nodes
#     Node No.,  DOF/Node,   NodalDOF
DOF2Nodes: # 90 x 3 (nDOFRed x 3, for each constrained DOF, col1: node index, col2: number of DOF, col3: DOF starting from 1)
  - [      1,      6,      1] # 1
  - [      1,      6,      2] # 2
  - [      1,      6,      3] # 3
  - [      1,      6,      4] # 4
  - [      1,      6,      5] # 5
  - [      1,      6,      6] # 6
  - [      2,      6,      1] # 7
  - [      2,      6,      2] # 8
  - [      2,      6,      3] # 9
  - [      2,      6,      4] # 10
  - [      2,      6,      5] # 11
  - [      2,      6,      6] # 12
  - [      3,      6,      1] # 13
  - [      3,      6,      2] # 14
  - [      3,      6,      3] # 15
  - [      3,      6,      4] # 16
  - [      3,      6,      5] # 17
  - [      3,      6,      6] # 18
  - [      4,      6,      1] # 19
  - [      4,      6,      2] # 20
  - [      4,      6,      3] # 21
  - [      4,      6,      4] # 22
  - [      4,      6,      5] # 23
  - [      4,      6,      6] # 24
  - [      5,      6,      1] # 25
  - [      5,      6,      2] # 26
  - [      5,      6,      3] # 27
  - [      5,      6,      4] # 28
  - [      5,      6,      5] # 29
  - [      5,      6,      6] # 30
  - [      6,      6,      1] # 31
  - [      6,      6,      2] # 32
  - [      6,      6,      3] # 33
  - [      6,      6,      4] # 34
  - [      6,      6,      5] # 35
  - [      6,      6,      6] # 36
  - [      7,      6,      1] # 37
  - [      7,      6,      2] # 38
  - [      7,      6,      3] # 39
  - [      7,      6,      4] # 40
  - [      7,      6,      5] # 41
  - [      7,      6,      6] # 42
  - [      8,      6,      1] # 43
  - [      8,      6,      2] # 44
  - [      8,      6,      3] # 45
  - [      8,      6,      4] # 46
  - [      8,      6,      5] # 47
  - [      8,      6,      6] # 48
  - [      9,      6,      1] # 49
  - [      9,      6,      2] # 50
  - [      9,      6,      3] # 51
  - [      9,      6,      4] # 52
  - [      9,      6,      5] # 53
  - [      9,      6,      6] # 54
  - [     10,      6,      1] # 55
  - [     10,      6,      2] # 56
  - [     10,      6,      3] # 57
  - [     10,      6,      4] # 58
  - [     10,      6,      5] # 59
  - [     10,      6,      6] # 60
  - [     11,      6,      1] # 61
  - [     11,      6,      2] # 62
  - [     11,      6,      3] # 63
  - [     11,      6,      4] # 64
  - [     11,      6,      5] # 65
  - [     11,      6,      6] # 66
  - [     18,      6,      1] # 67
  - [     18,      6,      2] # 68
  - [     18,      6,      3] # 69
  - [     18,      6,      4] # 70
  - [     18,      6,      5] # 71
  - [     18,      6,      6] # 72
  - [     19,      6,      1] # 73
  - [     19,      6,      2] # 74
  - [     19,      6,      3] # 75
  - [     19,      6,      4] # 76
  - [     19,      6,      5] # 77
  - [     19,      6,      6] # 78
  - [     20,      6,      1] # 79
  - [     20,      6,      2] # 80
  - [     20,      6,      3] # 81
  - [     20,      6,      4] # 82
  - [     20,      6,      5] # 83
  - [     20,      6,      6] # 84
  - [     21,      6,      1] # 85
  - [     21,      6,      2] # 86
  - [     21,      6,      3] # 87
  - [     21,      6,      4] # 88
  - [     21,      6,      5] # 89
  - [     21,      6,      6] # 90
#     Node_[#]          X_[m]           Y_[m]           Z_[m]       JType_[-]       JDirX_[-]       JDirY_[-]       JDirZ_[-]  JStff_[Nm/rad]
Nodes: # 30 x 9
  - [      1.,          0.000,          0.000,          0.000,             1.,   0.000000E+00,   0.000000E+00,   0.000000E+00,   0.000000E+00]
  - [      2.,          0.000,          0.000,         11.500,             1.,   0.000000E+00,   0.000000E+00,   0.000000E+00,   0.000000E+00]
  - [      3.,          0.000,          0.000,         23.000,             1.,   0.000000E+00,   0.000000E+00,   0.000000E+00,   0.000000E+00]
  - [      4.,          0.000,          0.000,         34.500,             1.,   0.000000E+00,   0.000000E+00,   0.000000E+00,   0.000000E+00]
  - [      5.,          0.000,          0.000,         46.000,             1.,   0.000000E+00,   0.000000E+00,   0.000000E+00,   0.000000E+00]
  - [      6.,          0.000,          0.000,         57.500,             1.,   0.000000E+00,   0.000000E+00,   0.000000E+00,   0.000000E+00]
  - [      7.,          0.000,          0.000,         69.000,             1.,   0.000000E+00,   0.000000E+00,   0.000000E+00,   0.000000E+00]
  - [      8.,          0.000,          0.000,         80.500,             1.,   0.000000E+00,   0.000000E+00,   0.000000E+00,   0.000000E+00]
  - [      9.,          0.000,          0.000,         92.000,             1.,   0.000000E+00,   0.000000E+00,   0.000000E+00,   0.000000E+00]
  - [     10.,          0.000,          0.000,        103.500,             1.,   0.000000E+00,   0.000000E+00,   0.000000E+00,   0.000000E+00]
  - [     11.,          0.000,          0.000,        115.630,             1.,   0.000000E+00,   0.000000E+00,   0.000000E+00,   0.000000E+00]
  - [     12.,          0.000,          0.000,        117.054,             1.,   0.000000E+00,   0.000000E+00,   0.000000E+00,   0.000000E+00]
  - [     13.,         -4.130,          0.000,        117.054,             1.,   0.000000E+00,   0.000000E+00,   0.000000E+00,   0.000000E+00]
  - [     14.,         -2.610,          0.000,        117.054,             1.,   0.000000E+00,   0.000000E+00,   0.000000E+00,   0.000000E+00]
  - [     15.,         -0.420,          0.000,        117.054,             1.,   0.000000E+00,   0.000000E+00,   0.000000E+00,   0.000000E+00]
  - [     16.,          5.032,          0.826,        117.941,             1.,   0.000000E+00,   0.000000E+00,   0.000000E+00,   0.000000E+00]
  - [     17.,          5.032,          0.000,        117.054,             1.,   0.000000E+00,   0.000000E+00,   0.000000E+00,   0.000000E+00]
  - [     18.,         -4.655,          0.000,        118.787,             1.,   0.000000E+00,   0.000000E+00,   0.000000E+00,   0.000000E+00]
  - [     19.,         -4.130,          0.000,        118.741,             1.,   0.000000E+00,   0.000000E+00,   0.000000E+00,   0.000000E+00]
  - [     20.,         -2.610,          0.000,        118.608,             1.,   0.000000E+00,   0.000000E+00,   0.000000E+00,   0.000000E+00]
  - [     21.,         -1.924,          0.000,        118.548,             1.,   0.000000E+00,   0.000000E+00,   0.000000E+00,   0.000000E+00]
  - [     22.,         -0.420,          0.000,        118.417,             1.,   0.000000E+00,   0.000000E+00,   0.000000E+00,   0.000000E+00]
  - [     23.,         -4.130,          0.000,        118.741,             1.,   0.000000E+00,   0.000000E+00,   0.000000E+00,   0.000000E+00]
  - [     24.,         -2.610,          0.000,        118.608,             1.,   0.000000E+00,   0.000000E+00,   0.000000E+00,   0.000000E+00]
  - [     25.,         -0.420,          1.924,        118.417,             1.,   0.000000E+00,   0.000000E+00,   0.000000E+00,   0.000000E+00]
  - [     26.,         -0.420,          1.924,        118.417,             1.,   0.000000E+00,   0.000000E+00,   0.000000E+00,   0.000000E+00]
  - [     27.,         -0.420,         -1.924,        118.417,             1.,   0.000000E+00,   0.000000E+00,   0.000000E+00,   0.000000E+00]
  - [     28.,         -0.420,         -1.924,        118.417,             1.,   0.000000E+00,   0.000000E+00,   0.000000E+00,   0.000000E+00]
  - [     29.,         -0.239,          0.023,        118.406,             1.,   0.000000E+00,   0.000000E+00,   0.000000E+00,   0.000000E+00]
  - [     30.,          5.155,         -0.167,        118.424,             1.,   0.000000E+00,   0.000000E+00,   0.000000E+00,   0.000000E+00]
#    Elem_[#]    Node_1   Node_2   Prop_1   Prop_2     Type     Length_[m]      Area_[m^2]  Dens._[kg/m^3]        E_[N/m2]        G_[N/m2]       shear_[-]       Ixx_[m^4]       Iyy_[m^4]       Jzz_[m^4]          T0_[N]
Elements: # 32 x 16
  - [      1.,      1.,      2.,      2.,      3.,      1.,         11.500,          0.970,       8500.000,   2.100000E+11,   8.080000E+10,   0.000000E+00,   7.997647E+00,   7.997647E+00,   1.599529E+01,  -9.990000E+36]
  - [      2.,      2.,      3.,      4.,      5.,      1.,         11.500,          0.887,       8500.000,   2.100000E+11,   8.080000E+10,   0.000000E+00,   6.829144E+00,   6.829144E+00,   1.365829E+01,  -9.990000E+36]
  - [      3.,      3.,      4.,      6.,      7.,      1.,         11.500,          0.809,       8500.000,   2.100000E+11,   8.080000E+10,   0.000000E+00,   5.791630E+00,   5.791630E+00,   1.158326E+01,  -9.990000E+36]
  - [      4.,      4.,      5.,      8.,      9.,      1.,         11.500,          0.733,       8500.000,   2.100000E+11,   8.080000E+10,   0.000000E+00,   4.875278E+00,   4.875278E+00,   9.750556E+00,  -9.990000E+36]
  - [      5.,      5.,      6.,     10.,     11.,      1.,         11.500,          0.661,       8500.000,   2.100000E+11,   8.080000E+10,   0.000000E+00,   4.070199E+00,   4.070199E+00,   8.140398E+00,  -9.990000E+36]
  - [      6.,      6.,      7.,     12.,     13.,      1.,         11.500,          0.593,       8500.000,   2.100000E+11,   8.080000E+10,   0.000000E+00,   3.367230E+00,   3.367230E+00,   6.734460E+00,  -9.990000E+36]
  - [      7.,      7.,      8.,     14.,     15.,      1.,         11.500,          0.528,       8500.000,   2.100000E+11,   8.080000E+10,   0.000000E+00,   2.757555E+00,   2.757555E+00,   5.515110E+00,  -9.990000E+36]
  - [      8.,      8.,      9.,     16.,     17.,      1.,         11.500,          0.467,       8500.000,   2.100000E+11,   8.080000E+10,   0.000000E+00,   2.232555E+00,   2.232555E+00,   4.465111E+00,  -9.990000E+36]
  - [      9.,      9.,     10.,     18.,     19.,      1.,         11.500,          0.409,       8500.000,   2.100000E+11,   8.080000E+10,   0.000000E+00,   1.784224E+00,   1.784224E+00,   3.568448E+00,  -9.990000E+36]
  - [     10.,     10.,     11.,     20.,     21.,      1.,         12.130,          0.354,       8500.000,   2.100000E+11,   8.080000E+10,   0.000000E+00,   1.399237E+00,   1.399237E+00,   2.798475E+00,  -9.990000E+36]
  - [     11.,     12.,     11.,      1.,      1.,      3.,          1.424,          1.000,          0.000,  -9.990000E+36,  -9.990000E+36,  -9.990000E+36,  -9.990000E+36,  -9.990000E+36,  -9.990000E+36,  -9.990000E+36]
  - [     12.,     13.,     14.,      2.,      2.,      3.,          1.520,          1.000,      11175.937,  -9.990000E+36,  -9.990000E+36,  -9.990000E+36,  -9.990000E+36,  -9.990000E+36,  -9.990000E+36,  -9.990000E+36]
  - [     13.,     14.,     15.,      2.,      2.,      3.,          2.190,          1.000,      11175.937,  -9.990000E+36,  -9.990000E+36,  -9.990000E+36,  -9.990000E+36,  -9.990000E+36,  -9.990000E+36,  -9.990000E+36]
  - [     14.,     15.,     12.,      2.,      2.,      3.,          0.420,          1.000,      11175.937,  -9.990000E+36,  -9.990000E+36,  -9.990000E+36,  -9.990000E+36,  -9.990000E+36,  -9.990000E+36,  -9.990000E+36]
  - [     15.,     16.,     17.,      1.,      1.,      3.,          1.212,          1.000,          0.000,  -9.990000E+36,  -9.990000E+36,  -9.990000E+36,  -9.990000E+36,  -9.990000E+36,  -9.990000E+36,  -9.990000E+36]
  - [     16.,     12.,     17.,      2.,      2.,      3.,          5.032,          1.000,      11175.937,  -9.990000E+36,  -9.990000E+36,  -9.990000E+36,  -9.990000E+36,  -9.990000E+36,  -9.990000E+36,  -9.990000E+36]
  - [     17.,     18.,     19.,     22.,     22.,      1.,          0.527,         10.426,       4014.174,   6.589150E+08,   6.642536E+09,   0.000000E+00,   9.191310E+00,   9.191310E+00,   1.838262E+01,  -9.990000E+36]
  - [     18.,     19.,     20.,     23.,     23.,      1.,          1.526,          1.010,       4014.174,   2.196707E+11,   2.403022E+12,   0.000000E+00,   1.006156E-01,   1.006156E-01,   2.012313E-01,  -9.990000E+36]
  - [     19.,     20.,     21.,     24.,     24.,      1.,          0.689,          0.703,       4014.174,   1.540498E+11,   1.644387E+12,   0.000000E+00,   4.854181E-02,   4.854181E-02,   9.708361E-02,  -9.990000E+36]
  - [     20.,     21.,     22.,      1.,      1.,      3.,          1.509,          1.000,          0.000,  -9.990000E+36,  -9.990000E+36,  -9.990000E+36,  -9.990000E+36,  -9.990000E+36,  -9.990000E+36,  -9.990000E+36]
  - [     21.,     19.,     23.,      1.,      1.,      5.,          0.000,          0.000,          0.000,  -9.990000E+36,  -9.990000E+36,  -9.990000E+36,  -9.990000E+36,  -9.990000E+36,  -9.990000E+36,  -9.990000E+36]
  - [     22.,     23.,     13.,      1.,      1.,      3.,          1.687,          1.000,          0.000,  -9.990000E+36,  -9.990000E+36,  -9.990000E+36,  -9.990000E+36,  -9.990000E+36,  -9.990000E+36,  -9.990000E+36]
  - [     23.,     20.,     24.,      2.,      2.,      5.,          0.000,          0.000,          0.000,  -9.990000E+36,  -9.990000E+36,  -9.990000E+36,  -9.990000E+36,  -9.990000E+36,  -9.990000E+36,  -9.990000E+36]
  - [     24.,     24.,     14.,      1.,      1.,      3.,          1.554,          1.000,          0.000,  -9.990000E+36,  -9.990000E+36,  -9.990000E+36,  -9.990000E+36,  -9.990000E+36,  -9.990000E+36,  -9.990000E+36]
  - [     25.,     22.,     25.,      1.,      1.,      3.,          1.924,          1.000,          0.000,  -9.990000E+36,  -9.990000E+36,  -9.990000E+36,  -9.990000E+36,  -9.990000E+36,  -9.990000E+36,  -9.990000E+36]
  - [     26.,     25.,     26.,      3.,      3.,      5.,          0.000,          0.000,          0.000,  -9.990000E+36,  -9.990000E+36,  -9.990000E+36,  -9.990000E+36,  -9.990000E+36,  -9.990000E+36,  -9.990000E+36]
  - [     27.,     26.,     15.,      1.,      1.,      3.,          2.358,          1.000,          0.000,  -9.990000E+36,  -9.990000E+36,  -9.990000E+36,  -9.990000E+36,  -9.990000E+36,  -9.990000E+36,  -9.990000E+36]
  - [     28.,     22.,     27.,      1.,      1.,      3.,          1.924,          1.000,          0.000,  -9.990000E+36,  -9.990000E+36,  -9.990000E+36,  -9.990000E+36,  -9.990000E+36,  -9.990000E+36,  -9.990000E+36]
  - [     29.,     27.,     28.,      3.,      3.,      5.,          0.000,          0.000,          0.000,  -9.990000E+36,  -9.990000E+36,  -9.990000E+36,  -9.990000E+36,  -9.990000E+36,  -9.990000E+36,  -9.990000E+36]
  - [     30.,     28.,     15.,      1.,      1.,      3.,          2.358,          1.000,          0.000,  -9.990000E+36,  -9.990000E+36,  -9.990000E+36,  -9.990000E+36,  -9.990000E+36,  -9.990000E+36,  -9.990000E+36]
  - [     31.,     29.,     22.,      1.,      1.,      3.,          0.182,          1.000,          0.000,  -9.990000E+36,  -9.990000E+36,  -9.990000E+36,  -9.990000E+36,  -9.990000E+36,  -9.990000E+36,  -9.990000E+36]
  - [     32.,     30.,     11.,      1.,      1.,      3.,          5.866,          1.000,          0.000,  -9.990000E+36,  -9.990000E+36,  -9.990000E+36,  -9.990000E+36,  -9.990000E+36,  -9.990000E+36,  -9.990000E+36]
#____________________________________________________________________________________________________
#User inputs

#Number of properties (NProps):    24
#Prop No         YoungE         ShearG        MatDens          XsecD          XsecT
#       1   2.100000E+14   8.080000E+12   1.000000E+00   1.000000E+00   4.000000E-01
#       2   2.100000E+11   8.080000E+10   8.500000E+03   8.300000E+00   3.800000E-02
#       3   2.100000E+11   8.080000E+10   8.500000E+03   8.021500E+00   3.800000E-02
#       4   2.100000E+11   8.080000E+10   8.500000E+03   8.021500E+00   3.600000E-02
#       5   2.100000E+11   8.080000E+10   8.500000E+03   7.743100E+00   3.600000E-02
#       6   2.100000E+11   8.080000E+10   8.500000E+03   7.743000E+00   3.400000E-02
#       7   2.100000E+11   8.080000E+10   8.500000E+03   7.464600E+00   3.400000E-02
#       8   2.100000E+11   8.080000E+10   8.500000E+03   7.464600E+00   3.200000E-02
#       9   2.100000E+11   8.080000E+10   8.500000E+03   7.186100E+00   3.200000E-02
#      10   2.100000E+11   8.080000E+10   8.500000E+03   7.186100E+00   3.000000E-02
#      11   2.100000E+11   8.080000E+10   8.500000E+03   6.907600E+00   3.000000E-02
#      12   2.100000E+11   8.080000E+10   8.500000E+03   6.907600E+00   2.800000E-02
#      13   2.100000E+11   8.080000E+10   8.500000E+03   6.629100E+00   2.800000E-02
#      14   2.100000E+11   8.080000E+10   8.500000E+03   6.629100E+00   2.600000E-02
#      15   2.100000E+11   8.080000E+10   8.500000E+03   6.350700E+00   2.600000E-02
#      16   2.100000E+11   8.080000E+10   8.500000E+03   6.350600E+00   2.400000E-02
#      17   2.100000E+11   8.080000E+10   8.500000E+03   6.072200E+00   2.400000E-02
#      18   2.100000E+11   8.080000E+10   8.500000E+03   6.072100E+00   2.200000E-02
#      19   2.100000E+11   8.080000E+10   8.500000E+03   5.793700E+00   2.200000E-02
#      20   2.100000E+11   8.080000E+10   8.500000E+03   5.793800E+00   2.000000E-02
#      21   2.100000E+11   8.080000E+10   8.500000E+03   5.499900E+00   2.000000E-02
#      22   6.589150E+08   6.642536E+09   4.014174E+03   3.700000E+00   1.527876E+00
#      23   2.196707E+11   2.403022E+12   4.014174E+03   1.200000E+00   4.034580E-01
#      24   1.540498E+11   1.644387E+12   4.014174E+03   1.000000E+00   3.376539E-01

#No. of Reaction DOFs:     6
#React. DOF_ID    BC
#         1     Fixed
#         2     Fixed
#         3     Fixed
#         4     Fixed
#         5     Fixed
#         6     Fixed

#No. of Interface DOFs:     6
#Interf. DOF_ID    BC
#        67    Leader
#        68    Leader
#        69    Leader
#        70    Leader
#        71    Leader
#        72    Leader

#Number of concentrated masses (NCMass):     3
#JointCMas           Mass            JXX            JYY            JZZ            JXY            JXZ            JYZ           MCGX           MCGY           MCGZ
#       16.   4.000000E+04   6.076899E+00   8.000000E+02   7.939230E+02   0.000000E+00   6.946000E+01   0.000000E+00   0.000000E+00   0.000000E+00   0.000000E+00
#       29.   6.661000E+04   4.170000E+04   1.060860E+05   1.074506E+05   0.000000E+00   0.000000E+00   0.000000E+00   0.000000E+00   0.000000E+00   0.000000E+00
#       30.   2.068415E+05   0.000000E+00   0.000000E+00   0.000000E+00   0.000000E+00   0.000000E+00   0.000000E+00   0.000000E+00   0.000000E+00   0.000000E+00

#Number of members    32
#Number of nodes per member:     2
#Member I Joint1_ID Joint2_ID    Prop_I    Prop_J           Mass         Length     Node IDs...
#        1         1         2         2         3   9.478799E+04   1.150000E+01        1     2
#        2         2         3         4         5   8.674292E+04   1.150000E+01        2     3
#        3         3         4         6         7   7.903691E+04   1.150000E+01        3     4
#        4         4         5         8         9   7.167103E+04   1.150000E+01        4     5
#        5         5         6        10        11   6.464428E+04   1.150000E+01        5     6
#        6         6         7        12        13   5.795716E+04   1.150000E+01        6     7
#        7         7         8        14        15   5.161009E+04   1.150000E+01        7     8
#        8         8         9        16        17   4.560223E+04   1.150000E+01        8     9
#        9         9        10        18        19   3.993401E+04   1.150000E+01        9    10
#       10        10        11        20        21   3.645230E+04   1.213000E+01       10    11
#       11        12        11         1         1   0.000000E+00   1.423903E+00       12    11 # Rigid link
#       12        13        14         2         2   1.698742E+04   1.520000E+00       13    14 # Rigid link
#       13        14        15         2         2   2.447530E+04   2.190000E+00       14    15 # Rigid link
#       14        15        12         2         2   4.693893E+03   4.200000E-01       15    12 # Rigid link
#       15        16        17         1         1   0.000000E+00   1.211742E+00       16    17 # Rigid link
#       16        12        17         2         2   5.623602E+04   5.031884E+00       12    17 # Rigid link
#       17        18        19        22        22   2.205613E+04   5.270000E-01       18    19
#       18        19        20        23        23   6.183757E+03   1.525806E+00       19    20
#       19        20        21        24        24   1.943378E+03   6.890561E-01       20    21
#       20        21        22         1         1   0.000000E+00   1.509310E+00       21    22 # Rigid link
#       21        19        23         1         1   0.000000E+00   0.000000E+00       19    23 # Spring element
#       22        23        13         1         1   0.000000E+00   1.687425E+00       23    13 # Rigid link
#       23        20        24         2         2   0.000000E+00   0.000000E+00       20    24 # Spring element
#       24        24        14         1         1   0.000000E+00   1.554442E+00       24    14 # Rigid link
#       25        22        25         1         1   0.000000E+00   1.924222E+00       22    25 # Rigid link
#       26        25        26         3         3   0.000000E+00   0.000000E+00       25    26 # Spring element
#       27        26        15         1         1   0.000000E+00   2.357959E+00       26    15 # Rigid link
#       28        22        27         1         1   0.000000E+00   1.924222E+00       22    27 # Rigid link
#       29        27        28         3         3   0.000000E+00   0.000000E+00       27    28 # Spring element
#       30        28        15         1         1   0.000000E+00   2.357959E+00       28    15 # Rigid link
#       31        29        22         1         1   0.000000E+00   1.823941E-01       29    22 # Rigid link
#       32        30        11         1         1   0.000000E+00   5.866194E+00       30    11 # Rigid link
#____________________________________________________________________________________________________
#Direction Cosine Matrices for all Members: GLOBAL-2-LOCAL. No. of 3x3 matrices=    32
#Member I        DC(1,1)        DC(1,2)        DC(1,3)        DC(2,1)        DC(2,2)        DC(2,3)        DC(3,1)        DC(3,2)        DC(3,3)
#        1    1.000000000000000000E+00    0.000000000000000000E+00    0.000000000000000000E+00    0.000000000000000000E+00    1.000000000000000000E+00    0.000000000000000000E+00    0.000000000000000000E+00    0.000000000000000000E+00    1.000000000000000000E+00
#        2    1.000000000000000000E+00    0.000000000000000000E+00    0.000000000000000000E+00    0.000000000000000000E+00    1.000000000000000000E+00    0.000000000000000000E+00    0.000000000000000000E+00    0.000000000000000000E+00    1.000000000000000000E+00
#        3    1.000000000000000000E+00    0.000000000000000000E+00    0.000000000000000000E+00    0.000000000000000000E+00    1.000000000000000000E+00    0.000000000000000000E+00    0.000000000000000000E+00    0.000000000000000000E+00    1.000000000000000000E+00
#        4    1.000000000000000000E+00    0.000000000000000000E+00    0.000000000000000000E+00    0.000000000000000000E+00    1.000000000000000000E+00    0.000000000000000000E+00    0.000000000000000000E+00    0.000000000000000000E+00    1.000000000000000000E+00
#        5    1.000000000000000000E+00    0.000000000000000000E+00    0.000000000000000000E+00    0.000000000000000000E+00    1.000000000000000000E+00    0.000000000000000000E+00    0.000000000000000000E+00    0.000000000000000000E+00    1.000000000000000000E+00
#        6    1.000000000000000000E+00    0.000000000000000000E+00    0.000000000000000000E+00    0.000000000000000000E+00    1.000000000000000000E+00    0.000000000000000000E+00    0.000000000000000000E+00    0.000000000000000000E+00    1.000000000000000000E+00
#        7    1.000000000000000000E+00    0.000000000000000000E+00    0.000000000000000000E+00    0.000000000000000000E+00    1.000000000000000000E+00    0.000000000000000000E+00    0.000000000000000000E+00    0.000000000000000000E+00    1.000000000000000000E+00
#        8    1.000000000000000000E+00    0.000000000000000000E+00    0.000000000000000000E+00    0.000000000000000000E+00    1.000000000000000000E+00    0.000000000000000000E+00    0.000000000000000000E+00    0.000000000000000000E+00    1.000000000000000000E+00
#        9    1.000000000000000000E+00    0.000000000000000000E+00    0.000000000000000000E+00    0.000000000000000000E+00    1.000000000000000000E+00    0.000000000000000000E+00    0.000000000000000000E+00    0.000000000000000000E+00    1.000000000000000000E+00
#       10    1.000000000000000000E+00    0.000000000000000000E+00    0.000000000000000000E+00    0.000000000000000000E+00    1.000000000000000000E+00    0.000000000000000000E+00    0.000000000000000000E+00    0.000000000000000000E+00    1.000000000000000000E+00
#       11    1.000000000000000000E+00    0.000000000000000000E+00    0.000000000000000000E+00    0.000000000000000000E+00   -1.000000000000000000E+00    0.000000000000000000E+00    0.000000000000000000E+00    0.000000000000000000E+00   -1.000000000000000000E+00
#       12    0.000000000000000000E+00   -1.000000000000000000E+00    0.000000000000000000E+00    0.000000000000000000E+00    0.000000000000000000E+00   -1.000000000000000000E+00    1.000000000000000000E+00    0.000000000000000000E+00    0.000000000000000000E+00
#       13    0.000000000000000000E+00   -1.000000000000000000E+00    0.000000000000000000E+00    0.000000000000000000E+00    0.000000000000000000E+00   -1.000000000000000000E+00    1.000000000000000000E+00    0.000000000000000000E+00    0.000000000000000000E+00
#       14    0.000000000000000000E+00   -1.000000000000000000E+00    0.000000000000000000E+00    0.000000000000000000E+00    0.000000000000000000E+00   -1.000000000000000000E+00    1.000000000000000000E+00    0.000000000000000000E+00    0.000000000000000000E+00
#       15   -1.000000000000000000E+00    0.000000000000000000E+00    0.000000000000000000E+00    0.000000000000000000E+00    7.317542212295403692E-01   -6.815686023525062698E-01    0.000000000000000000E+00   -6.815686023525062698E-01   -7.317542212295403692E-01
#       16    0.000000000000000000E+00   -1.000000000000000000E+00    0.000000000000000000E+00    0.000000000000000000E+00    0.000000000000000000E+00   -1.000000000000000000E+00    1.000000000000000000E+00    0.000000000000000000E+00    0.000000000000000000E+00
#       17    0.000000000000000000E+00   -1.000000000000000000E+00    0.000000000000000000E+00   -8.715559814819075213E-02    0.000000000000000000E+00   -9.961947107425491721E-01    9.961947107425491721E-01    0.000000000000000000E+00   -8.715559814819075213E-02
#       18    0.000000000000000000E+00   -1.000000000000000000E+00    0.000000000000000000E+00   -8.715589327958192523E-02    0.000000000000000000E+00   -9.961946849218972222E-01    9.961946849218972222E-01    0.000000000000000000E+00   -8.715589327958192523E-02
#       19    0.000000000000000000E+00   -1.000000000000000000E+00    0.000000000000000000E+00   -8.807701484559543603E-02    0.000000000000000000E+00   -9.961136679395020677E-01    9.961136679395020677E-01    0.000000000000000000E+00   -8.807701484559543603E-02
#       20    0.000000000000000000E+00   -1.000000000000000000E+00    0.000000000000000000E+00   -8.673500915726665983E-02    0.000000000000000000E+00   -9.962314179880541465E-01    9.962314179880541465E-01    0.000000000000000000E+00   -8.673500915726667371E-02
#       21    0.000000000000000000E+00   -1.000000000000000000E+00    0.000000000000000000E+00   -8.715634999999999355E-02    0.000000000000000000E+00   -9.961946000000000412E-01    9.961946000000000412E-01    0.000000000000000000E+00   -8.715634999999999355E-02
#       22    1.000000000000000000E+00    0.000000000000000000E+00    0.000000000000000000E+00    0.000000000000000000E+00   -1.000000000000000000E+00    0.000000000000000000E+00    0.000000000000000000E+00    0.000000000000000000E+00   -1.000000000000000000E+00
#       23    0.000000000000000000E+00   -1.000000000000000000E+00    0.000000000000000000E+00   -8.715634999999999355E-02    0.000000000000000000E+00   -9.961946000000000412E-01    9.961946000000000412E-01    0.000000000000000000E+00   -8.715634999999999355E-02
#       24    1.000000000000000000E+00    0.000000000000000000E+00    0.000000000000000000E+00    0.000000000000000000E+00   -1.000000000000000000E+00    0.000000000000000000E+00    0.000000000000000000E+00    0.000000000000000000E+00   -1.000000000000000000E+00
#       25    1.000000000000000000E+00    0.000000000000000000E+00    0.000000000000000000E+00    0.000000000000000000E+00    0.000000000000000000E+00   -1.000000000000000000E+00    0.000000000000000000E+00    1.000000000000000000E+00    0.000000000000000000E+00
#       26    0.000000000000000000E+00   -1.000000000000000000E+00    0.000000000000000000E+00   -8.715634999999999355E-02    0.000000000000000000E+00   -9.961946000000000412E-01    9.961946000000000412E-01    0.000000000000000000E+00   -8.715634999999999355E-02
